      3
    122
     74
    220
     47
    187
    172
    204
     85
    156
    124
     15
    121
    242
    161
     42
     65
    148
     15
    208
    119
    193
     72
     48
    171
    128
    135
    198
     19
    112
     38
    222
    103
    194
    100
     67
    209
    162
    198
     81
    223
    235
    151
    235
     41
     43
    184
    169
    188
     35
    107
    172
    212
    206
     55
    113
     67
     46
    197
     56
    253
    127
    214
    161
    135
     81
     13
    118
     82
     49
    254
    212
    133
     47
     12
    147
    242
     17
    195
    232
    157
    162
     58
    228
    195
    125
    101
     26
    122
    102
    149
    183
     39
    114
     61
     74
    238
    150
    237
    179
    170
    128
    109
    228
     49
     32
     80
     57
     54
    229
    175
    134
    213
    246
     85
    149
     44
    221
    119
    197
     96
    201
     74
    165
     75
    121
    222
    169
     13
     61
    193
     58
     74
     48
    159
     29
    216
     21
    172
    241
    174
    208
    159
    178
    250
     97
     47
    238
     59
    197
